1.1360000E+01
9.4900000E+00
9.1900000E+00
1.0800000E+01
9.6400000E+00
1.0400000E+01
8.3400000E+00
9.0600000E+00
7.7500000E+00
1.1320000E+01
9.1800000E+00
1.1350000E+01
1.2230000E+01
1.3010000E+01
1.3100000E+01
1.1110000E+01
1.0230000E+01
1.1650000E+01
1.2580000E+01
1.0740000E+01
1.1810000E+01
1.1770000E+01
1.1930000E+01
1.2340000E+01
1.2660000E+01
1.2480000E+01
1.3430000E+01
1.1430000E+01
1.0780000E+01
1.1060000E+01
1.0360000E+01
1.1780000E+01
1.4020000E+01
1.3720000E+01
1.3080000E+01
1.4280000E+01
1.2690000E+01
1.3750000E+01
1.3410000E+01
1.3030000E+01
1.1920000E+01
1.1090000E+01
1.0860000E+01
1.0630000E+01
1.0960000E+01
1.1720000E+01
1.1750000E+01
1.1130000E+01
1.1250000E+01
1.1230000E+01
1.1080000E+01
1.0860000E+01
1.1240000E+01
1.1820000E+01
1.1850000E+01
1.1490000E+01
1.1140000E+01
1.0590000E+01
1.0260000E+01
1.1970000E+01
1.1480000E+01
1.1420000E+01
1.1810000E+01
1.1230000E+01
1.1640000E+01
1.1850000E+01
1.1270000E+01
1.1070000E+01
1.1170000E+01
1.1650000E+01
1.1050000E+01
1.1140000E+01
1.1210000E+01
1.0900000E+01
1.0740000E+01
1.0980000E+01
1.0840000E+01
1.0900000E+01
1.1330000E+01
1.1980000E+01
1.3150000E+01
1.2960000E+01
1.1970000E+01
1.1770000E+01
1.0980000E+01
1.0650000E+01
1.1300000E+01
1.1900000E+01
1.1510000E+01
1.1060000E+01
1.0950000E+01
1.0760000E+01
1.0750000E+01
1.0870000E+01
1.1640000E+01
1.1870000E+01
1.1260000E+01
1.1070000E+01
1.1820000E+01
9.8100000E+00
